90,1,490,391(79.8%),99(20.2%)
90,2,346,268(77.46%),78(22.54%)
90,3,252,204(80.95%),48(19.05%)
90,4,189,152(80.42%),37(19.58%)
90,5,142,115(80.99%),27(19.01%)
90,6,100,86(86.0%),14(14.0%)
90,7,70,62(88.57%),8(11.43%)
180,1,472,302(63.98%),170(36.02%)
180,2,335,218(65.07%),117(34.93%)
180,3,239,161(67.36%),78(32.64%)
180,4,172,114(66.28%),58(33.72%)
180,5,134,94(70.15%),40(29.85%)
180,6,92,69(75.0%),23(25.0%)
180,7,68,53(77.94%),15(22.06%)
365,1,440,198(45.0%),242(55.0%)
365,2,306,134(43.79%),172(56.21%)
365,3,217,103(47.47%),114(52.53%)
365,4,158,81(51.27%),77(48.73%)
365,5,120,65(54.17%),55(45.83%)
365,6,82,42(51.22%),40(48.78%)
365,7,60,35(58.33%),25(41.67%)
