58.38,58.34,50.6,51.04,52.01,59.25,59.91,59.15,59.8
63.42,61.91,52.47,52.96,54.37,58.92,57.73,58.78,60.36
59.16,55.64,50.6,52.33,51.85,58.96,59.48,59.2,60.08
61.61,61.31,53.05,52.66,53.95,60.73,60.73,59.67,60.08
59.45,55.6,52.7,54.37,53.52,58.36,60.95,61.74,61.0
60.65,60.02,53.82,54.82,55.2,59.1,55.23,56.59,56.84
58.23,55.79,54.26,54.25,53.82,52.81,53.72,55.07,55.55
60.0,59.99,54.6,54.84,55.59,56.62,56.67,56.77,55.95
57.83,56.64,52.66,52.24,53.0,56.22,53.49,54.52,55.01
58.99,58.75,53.63,54.95,55.84,58.73,56.78,57.76,59.09
68.28,69.25,50.0,49.75,49.75,54.91,57.05,56.09,56.93
66.69,67.41,50.75,50.5,50.0,55.04,58.22,58.09,58.98
68.16,66.78,50.0,49.75,49.75,51.24,58.9,58.99,59.33
65.82,64.7,50.5,49.75,50.75,53.6,59.04,58.88,60.22
67.85,67.16,51.0,50.75,51.8,58.93,58.27,56.4,57.28
64.2,64.8,49.75,50.75,50.0,60.04,62.33,61.25,60.9
67.68,66.24,53.55,50.76,52.55,59.09,60.3,61.15,59.59
64.4,64.26,53.55,50.01,53.06,57.59,57.85,59.39,59.72
67.11,66.36,57.83,57.46,60.12,55.35,54.72,54.24,55.62
63.76,63.38,55.35,56.19,56.3,59.53,57.91,59.95,60.3
69.43,70.07,50.0,50.0,50.0,67.74,70.81,72.87,74.76
67.62,70.32,50.0,49.92,50.5,65.78,75.42,77.02,76.93
68.69,69.83,50.0,50.94,50.88,64.22,70.83,72.58,73.58
65.19,69.78,49.92,53.33,52.29,71.01,73.65,72.58,72.99
68.25,70.38,50.54,54.46,57.94,62.68,69.7,69.16,71.66
65.38,70.11,51.75,50.02,50.54,66.74,72.69,74.62,73.06
70.93,71.5,56.33,63.62,66.71,67.75,73.89,74.01,74.44
67.04,70.86,57.81,57.4,60.48,67.14,70.77,71.15,71.49
67.93,71.53,64.88,67.62,66.29,64.62,64.13,69.99,71.92
65.67,70.94,56.81,57.23,61.08,66.2,66.24,69.0,69.28
76.59,78.52,50.0,50.0,50.0,58.54,67.45,67.86,68.62
70.15,70.1,50.0,47.77,46.33,61.52,63.69,65.97,64.94
76.59,78.78,48.75,49.92,49.05,66.99,75.08,74.19,74.0
67.1,66.68,49.17,49.96,47.42,62.75,68.4,66.63,66.09
77.31,79.8,51.52,59.77,62.65,63.09,65.59,66.52,65.69
66.82,67.69,51.48,48.14,48.6,59.61,64.18,65.99,66.41
77.45,80.1,64.32,65.53,62.99,66.7,71.05,71.41,72.4
65.77,66.84,60.57,53.86,53.07,57.4,61.82,64.22,62.87
78.14,78.64,66.74,67.5,63.3,63.72,68.46,69.69,72.91
65.63,69.1,62.42,56.33,52.2,60.57,63.09,66.79,68.92
78.99,70.28,53.26,50.49,57.71,62.22,61.81,63.68,60.52
74.1,78.19,53.26,51.39,54.03,73.02,67.08,68.44,65.03
76.81,79.17,51.11,49.31,56.88,66.53,67.08,67.78,65.42
75.52,75.69,53.47,55.21,55.97,69.27,69.9,69.62,72.71
78.06,73.54,49.93,55.76,60.9,59.27,62.43,60.07,58.96
76.32,75.07,51.11,52.99,56.94,50.66,60.31,61.94,60.28
76.63,73.54,47.15,59.65,61.04,68.19,67.26,65.94,63.96
74.58,75.07,50.0,54.86,61.94,56.88,68.26,67.47,69.13
79.41,74.03,55.28,61.6,61.04,65.49,63.3,62.5,60.45
72.85,75.69,52.5,56.81,61.32,54.24,59.1,59.72,56.42
67.2,69.37,54.32,52.23,52.77,60.67,62.38,65.37,65.43
67.27,69.33,55.75,55.81,56.57,62.96,62.6,63.13,64.13
67.4,68.38,60.14,61.55,61.45,61.15,62.09,62.72,62.71
66.89,68.85,60.38,62.66,62.6,62.96,62.31,61.91,62.94
67.25,67.75,59.94,60.52,62.38,60.23,62.62,62.1,62.63
66.34,68.15,60.81,65.31,66.3,65.41,64.88,64.88,65.26
67.94,67.43,58.04,58.65,61.38,62.74,63.1,63.69,63.87
66.38,68.85,60.5,60.96,66.29,56.59,59.8,60.14,59.58
67.24,67.56,57.13,57.99,60.7,63.51,65.33,65.35,66.07
66.01,68.5,59.82,59.81,62.67,63.86,62.97,63.06,62.63
70.39,70.81,50.94,54.33,55.58,68.5,69.36,68.58,68.94
70.63,71.67,50.94,59.64,58.39,68.22,68.15,69.04,69.06
70.88,71.56,64.6,67.52,69.71,63.91,67.12,68.68,68.1
70.65,72.11,60.22,62.83,66.27,73.01,73.49,72.47,71.85
70.73,71.33,68.77,68.88,70.01,62.43,67.6,66.91,66.82
70.27,72.58,64.71,66.69,68.45,65.01,68.89,69.37,68.38
71.39,70.69,68.76,68.57,68.48,61.55,63.52,63.63,65.79
70.53,71.62,66.89,67.32,68.17,66.94,67.93,68.59,69.27
70.56,71.25,67.17,69.01,69.33,65.27,69.08,69.3,69.87
69.55,71.88,66.24,65.26,69.33,67.93,71.27,70.74,72.1
81.66,82.04,62.64,66.05,67.61,78.25,78.02,80.72,81.27
80.87,80.32,62.73,63.79,65.72,74.7,74.43,77.29,76.68
81.26,81.45,67.15,66.28,68.36,74.4,79.65,81.14,80.01
80.58,80.06,67.52,69.22,65.39,66.36,73.81,73.77,74.74
81.26,82.08,69.84,66.89,68.97,74.62,76.29,76.98,78.05
79.02,79.91,66.87,67.93,63.16,72.08,76.88,75.29,75.56
80.8,81.74,67.11,64.88,64.5,77.87,77.69,78.28,79.11
80.49,79.88,66.38,68.61,67.86,68.3,70.93,71.25,73.39
79.9,81.36,62.61,63.02,64.05,78.56,79.89,82.07,80.72
79.84,79.2,64.94,65.55,64.3,73.37,76.14,76.93,75.71
78.64,78.92,58.17,68.36,65.31,74.1,76.71,77.46,81.36
79.08,79.69,65.83,62.75,61.78,73.51,76.07,77.82,80.25
77.86,77.94,69.61,68.5,65.56,73.67,76.14,76.38,75.51
78.58,79.19,68.56,63.78,68.42,77.44,79.25,79.07,80.54
78.39,78.78,69.89,69.53,66.5,75.88,78.29,79.31,78.89
78.33,78.44,65.64,61.72,63.94,79.94,76.6,77.51,76.75
77.33,76.19,68.28,70.75,64.64,77.51,75.69,74.88,75.49
77.25,77.61,63.42,68.06,68.19,71.68,75.69,76.83,76.71
78.11,76.17,71.11,70.39,63.08,74.17,78.44,78.96,78.54
76.72,78.44,68.0,67.5,71.25,73.26,75.17,77.53,76.6
72.78,73.1,49.64,56.43,55.71,71.07,70.36,69.25,73.17
74.21,72.9,55.0,51.67,55.6,70.95,69.68,73.41,71.79
72.3,72.38,58.21,61.9,67.86,73.69,80.12,79.05,78.1
73.13,71.94,55.95,52.62,56.19,73.33,71.19,71.43,69.05
72.3,70.24,61.19,69.64,69.05,72.86,76.79,77.58,79.01
74.56,71.47,60.48,58.1,59.64,64.33,72.22,73.57,73.57
72.86,70.79,68.1,65.83,69.52,79.84,80.12,77.38,78.57
73.85,71.47,56.67,57.62,55.36,71.79,71.63,75.95,76.79
72.3,70.32,68.57,65.6,67.14,74.48,77.5,77.02,79.29
73.37,70.99,55.95,55.48,60.95,69.52,74.52,72.74,72.02
70.39,73.49,61.63,65.61,66.09,71.73,71.81,71.98,73.1
70.26,74.25,58.77,63.76,65.94,71.57,72.73,72.04,71.86
69.86,73.74,62.24,64.74,64.2,69.75,70.84,71.3,70.79
69.93,74.43,62.52,65.22,64.85,68.83,71.25,72.37,73.25
69.62,74.09,61.37,62.76,63.03,68.82,71.95,71.52,70.85
69.76,73.94,58.86,60.96,61.72,72.07,75.07,75.76,75.46
69.18,74.32,57.94,61.8,62.71,65.61,70.22,69.48,69.56
70.24,73.7,58.45,59.65,60.07,77.03,78.01,77.12,77.32
69.02,74.15,55.03,58.57,60.7,66.53,68.75,69.35,70.07
70.0,73.54,57.86,59.64,60.85,70.74,73.77,74.9,74.32
80.22,81.51,68.83,71.24,72.81,69.06,74.07,73.56,73.88
80.0,82.9,73.06,72.86,72.11,70.85,75.37,76.14,76.43
79.65,81.87,70.43,73.41,71.45,73.23,72.9,74.25,75.31
79.46,83.52,72.01,76.65,74.2,73.29,75.69,76.18,77.03
79.46,81.6,67.7,74.21,72.66,69.99,72.89,73.64,75.57
79.57,83.76,68.77,74.67,72.63,71.31,73.32,74.99,75.77
79.77,81.71,62.86,70.69,72.92,74.34,77.47,76.22,76.08
79.81,83.66,66.24,73.42,74.33,70.87,72.96,74.38,74.62
80.0,81.94,61.83,68.12,70.77,71.26,74.52,74.94,76.01
79.9,83.6,63.76,68.11,72.55,70.19,74.84,74.7,75.37
80.09,82.47,70.85,71.48,70.16,76.53,77.19,77.79,80.49
82.07,84.26,75.07,73.44,73.44,78.86,82.84,82.72,82.34
79.77,82.94,72.73,74.53,71.41,77.67,79.73,81.38,81.4
82.65,85.2,73.28,71.43,70.41,78.87,80.68,83.18,82.79
80.55,82.63,71.48,71.48,71.66,81.49,81.41,82.47,81.87
82.34,84.58,70.87,69.0,69.71,75.28,79.16,82.84,82.81
80.55,82.63,69.85,72.35,71.1,74.08,76.84,77.4,78.52
82.03,84.11,68.44,67.19,69.62,78.82,81.5,80.95,80.68
79.46,82.47,67.58,70.48,71.8,77.13,77.99,79.15,78.83
81.87,83.26,67.28,67.28,69.16,72.24,76.86,77.96,78.88
83.97,84.83,75.1,72.71,70.71,78.6,79.06,79.92,80.49
83.69,83.11,72.88,72.02,73.86,84.92,82.79,82.83,83.65
83.98,84.27,74.12,74.83,70.45,77.96,79.77,81.16,80.75
83.42,82.83,72.9,74.02,74.19,83.23,85.03,84.6,85.02
84.27,84.55,73.31,72.36,69.86,77.9,78.9,80.75,80.6
81.73,82.27,71.24,70.93,74.14,75.34,81.67,81.67,81.96
83.7,84.83,72.76,72.48,70.48,78.77,79.85,81.96,81.97
81.74,82.56,70.36,72.48,75.98,79.98,81.65,80.81,82.09
83.7,84.27,73.76,73.76,72.02,73.97,78.07,80.04,79.64
81.73,83.68,71.64,71.6,74.31,79.62,81.27,83.09,83.37
78.25,75.5,67.75,68.75,65.25,67.12,72.38,71.38,75.62
78.25,76.38,54.0,58.75,67.0,54.19,55.0,60.81,59.44
78.75,74.38,71.0,67.75,63.0,67.19,71.12,73.88,73.81
71.81,72.38,56.25,59.0,57.5,61.25,62.19,61.12,61.12
78.12,73.25,66.25,65.25,62.75,70.94,77.25,75.12,71.88
70.06,69.5,56.5,55.25,56.5,59.12,59.44,62.56,64.88
78.88,73.25,56.75,61.5,56.5,69.62,70.44,71.38,71.94
69.44,66.5,49.25,53.0,57.75,58.19,61.06,61.62,61.19
78.75,73.12,54.5,62.75,55.25,72.81,75.0,75.88,73.94
68.19,62.75,48.25,51.75,58.0,66.75,60.0,62.44,61.5
